WRITE:
1KB (None):
0.743		
0.690
0.678
0.676
0.677
0.692
0.682
0.684
0.677
0.700

1KB (AES128):
1.121
1.092
1.118
1.086
1.138
1.098
1.098
1.091
1.100
1.091

1KB (AES256):
1.097
1.099
1.099
1.128
1.101
1.121
1.139
1.094
1.098
1.171

1MB (None):
1.076
2.426
1.841
1.993
1.993
2.059
1.975
1.947
1.949
1.912

1MB (AES128):
1.977
1.518
1.917
1.927
1.337
1.763
1.521
1.496
1.730
1.728

1MB (AES256):
1.561
1.340
1.525
1.566
1.340
1.727
1.526
1.339
1.513
1.618

1GB(none):
24.954
14.688
12.119
13.847
14.246
13.504
13.229
14.144
13.715
13.492

1GB (AES128):
56.580
56.564
57.200
57.243
56.641
56.356
56.428
56.054
56.462
56.714

1GB (AES256):
58.499
58.561
58.987
58.884
58.569
58.537
59.045
58.918
58.970
58.315

----------------------------------------------
READ:
1KB (None):
0.698
0.682
0.679
0.685
0.680
0.680
0.680
0.679
0.695
0.680

1KB (AES128):
0.988
0.969
0.942
0.948
0.937
0.957
0.942
0.980
0.982
0.947

1KB (AES256):
0.948
0.947
0.945
0.942
0.946
0.942
0.951
0.938
0.949
0.933

1MB (None):
1.267
1.297
1.063
1.081
0.909
1.081
0.899
0.919
1.282
1.629

1MB (AES128):
1.606
1.189
1.574
1.684
1.572
1.193
1.573
1.365
1.237
1.372

1MB (AES256):
1.768
1.411
1.819
1.378
1.219
1.575
1.783
1.801
1.575
1.369

1GB(none):
13.225
13.216
12.976
12.860
12.954
12.967
12.794
13.285
13.063
12.841

1GB (AES128):
55.470
53.248
53.207
53.643
55.558
54.141
53.206
54.914
55.176
54.976

1GB (AES256):
57.197
57.216
58.067
58.446
58.031
58.725
58.261
58.747
57.105
57.283

